826 659
622 241
499 923
589 186
57 224
206 45
365 743
94 410
592 884
265 485
763 659
275 537
511 392
416 947
868 183
873 379
195 835
225 902
544 955
538 277
247 162
411 570
158 805
42 958
980 871
651 67
530 38
265 354
338 874
284 884
473 399
614 138
779 747
7 27
808 414
969 162
923 581
604 624
968 780
808 433
103 80
335 504
407 608
350 417
545 113
741 501
268 825
958 990
427 368
725 420
450 900
401 278
892 125
375 500
252 836
223 308
401 278
276 426
793 320
485 616
582 705
427 563
615 412
812 857
49 314
164 850
345 646
364 266
84 10
180 571
804 566
909 630
678 912
18 568
933 58
53 523
847 728
499 856
837 413
711 785
603 647
142 83
236 987
464 484
397 378
33 741
425 204
977 606
481 671
219 42
333 910
925 221
981 324
595 648
742 838
787 800
538 246
629 836
77 354
260 304
354 804
76 15
357 50
341 853
986 313
620 476
106 787
171 707
163 282
571 602
372 949
921 212
705 437
371 384
445 760
382 44
284 899
554 813
274 983
668 571
981 529
864 321
752 285
448 366
251 944
652 853
914 760
325 361
49 627
866 756
217 708
534 113
522 207
549 286
47 72
907 280
175 322
460 379
697 154
454 997
514 858
411 897
565 182
739 713
116 113
203 704
903 203
330 707
526 973
964 967
217 465
267 301
174 136
465 302
363 643
149 621
172 73
631 398
998 161
310 639
584 757
124 565
698 142
742 227
152 975
908 265
620 516
539 160
784 853
982 965
523 830
785 203
936 742
589 321
964 282
47 984
253 826
429 558
983 307
327 880
593 869
643 89
189 550
519 574
574 867
800 881
693 762
454 19
269 371
330 479
819 485
462 456
912 654
2 822
557 454
89 140
310 84
86 400
755 653
916 545
206 9
588 12
849 103
887 921
873 831
323 651
620 114
327 69
472 982
321 807
694 629
648 109
543 595
770 832
195 671
342 663
955 809
800 971
331 999
243 886
530 831
545 505
807 365
242 464
593 164
376 919
547 382
533 804
489 173
62 23
234 284
938 464
742 889
62 478
837 195
722 317
591 577
605 108
386 407
283 172
148 406
171 189
531 756
83 163
575 765
628 236
375 718
184 164
652 890
394 73
37 351
29 770
309 161
684 763
99 693
376 145
206 452
210 898
914 474
814 374
109 898
526 786
966 480
971 34
268 920
154 681
499 447
140 215
54 832
654 364
146 179
127 447
970 298
176 59
802 12
85 515
979 36
235 289
567 598
558 233
753 714
308 180
326 542
539 793
608 380
111 200
732 637
66 802
549 82
247 247
70 653
489 212
135 755
961 126
952 400
323 62
216 941
463 878
955 874
350 416
555 729
688 456
50 493
183 580
970 128
174 357
471 870
810 752
421 178
926 537
697 480
371 502
452 449
117 131
602 113
536 791
367 981
982 905
321 839
467 883
849 445
558 491
58 503
972 943
552 996
252 989
193 149
19 790
842 509
834 147
334 354
